image_00000 407 336 432 364
image_00001 408 336 435 364
image_00002 401 333 433 361
image_00003 400 335 434 366
image_00004 396 330 438 364
image_00005 395 328 440 366
image_00006 395 328 439 365
image_00007 392 328 444 366
image_00008 390 325 445 367
image_00009 390 326 448 371
image_00010 387 323 444 368
image_00011 389 321 446 370
image_00012 385 323 451 370
image_00013 385 322 447 369
image_00014 380 320 447 371
image_00015 382 321 454 370
image_00016 382 316 450 371
image_00017 382 315 449 374
image_00018 409 309 463 362
image_00019 418 311 459 367
image_00020 414 311 465 369
image_00021 418 311 460 363
image_00022 416 310 463 370
image_00023 416 314 466 364
image_00024 417 313 466 363
image_00025 417 313 468 367
image_00026 416 316 468 368
image_00027 415 314 477 368
image_00028 414 313 472 367
image_00029 418 316 473 366
image_00030 415 311 473 364
image_00031 421 316 473 365
image_00032 419 316 473 368
image_00033 419 314 479 366
image_00034 416 314 474 364
image_00035 418 311 478 367
image_00036 425 314 476 368
image_00037 421 316 476 368
image_00038 428 316 477 364
image_00039 426 314 477 360
image_00040 430 310 480 361
image_00041 433 318 484 354
image_00042 434 308 483 362
image_00043 435 312 482 358
image_00044 438 311 483 347
image_00045 442 313 487 346
image_00046 436 303 483 349
image_00047 442 304 487 354
image_00048 445 296 485 345
image_00049 446 295 490 341
image_00050 447 297 493 339
image_00051 452 297 492 335
image_00052 456 298 494 336
image_00053 452 297 494 335
image_00054 449 298 493 333
image_00055 449 294 496 333
image_00056 456 295 495 338
image_00057 456 296 494 338
image_00058 454 297 498 334
image_00059 454 297 497 335
image_00060 449 296 492 332
image_00061 449 292 500 333
image_00062 446 290 503 330
image_00063 448 290 497 333
